11
0 0 26 56 1 10 44 415 0 8 46 
63.42380142211914 -25.31215476989746
63.468177795410156 -25.587068557739258
63.488555908203125 -25.766576766967773
63.58628845214844 -25.986892700195312
63.63346481323242 -26.182132720947266
63.61613082885742 -26.430206298828125
63.57852554321289 -26.582313537597656
63.492835998535156 -26.708898544311523
63.44440841674805 -26.94202995300293
63.413761138916016 -27.098752975463867
63.40005874633789 -27.265153884887695
63.313724517822266 -27.479047775268555
63.28114318847656 -27.635822296142578
63.25146484375 -27.794588088989258
63.24031066894531 -27.964275360107422
63.145301818847656 -28.174766540527344
63.14650344848633 -28.352645874023438
63.17461013793945 -28.54688835144043
63.15416717529297 -28.802978515625
63.20785903930664 -29.01441192626953
63.27263641357422 -29.23360824584961
63.279109954833984 -29.509838104248047
63.31093215942383 -29.711666107177734
63.20395278930664 -29.82927131652832
63.363529205322266 -30.111425399780273
63.186805725097656 -30.278684616088867
-12.995891571044922 9.445440292358398
-12.926081657409668 9.540648460388184
-12.808833122253418 9.678071975708008
-12.743931770324707 9.7747220993042
-12.673215866088867 9.868844032287598
-12.595234870910645 10.02128791809082
-12.527517318725586 10.116253852844238
-12.468737602233887 10.214811325073242
-12.394957542419434 10.306900024414062
-12.3223295211792 10.46099853515625
-12.253381729125977 10.554768562316895
-12.195135116577148 10.653072357177734
-12.111783027648926 10.802105903625488
-12.058270454406738 10.902311325073242
-11.984447479248047 10.993271827697754
-11.906825065612793 11.144476890563965
-11.839585304260254 11.238105773925781
-11.764836311340332 11.32807445526123
-11.707931518554688 11.426198959350586
-11.606673240661621 11.565732955932617
-11.534636497497559 11.656401634216309
-11.438979148864746 11.735490798950195
-11.323859214782715 11.867308616638184
-11.272507667541504 11.967399597167969
-11.215470314025879 12.064677238464355
-11.168864250183105 12.167093276977539
-11.091206550598145 12.316864967346191
-11.027772903442383 12.410773277282715
-10.978285789489746 12.511725425720215
-10.899014472961426 12.660574913024902
-10.864645957946777 12.7694730758667
-9.746260643005371 7.910197734832764
-15.093297004699707 8.473814964294434
-9.679311752319336 8.0498628616333
-14.878253936767578 8.588608741760254
-9.6268949508667 8.139822006225586
-14.701461791992188 8.652466773986816
-9.592758178710938 8.23697566986084
-14.55847454071045 8.727363586425781
-9.522467613220215 8.375025749206543
-14.387940406799316 8.854132652282715
-9.4783353805542 8.46810245513916
-14.21460247039795 8.91631031036377
-9.428383827209473 8.558747291564941
-14.071208953857422 8.98853588104248
-9.380586624145508 8.705863952636719
-13.888669967651367 9.107617378234863
-9.340967178344727 8.80074691772461
-13.731898307800293 9.173080444335938
-9.31757926940918 8.902530670166016
-13.595585823059082 9.245499610900879
-9.282853126525879 8.99957275390625
-13.461027145385742 9.317888259887695
-13.337143898010254 9.455533027648926
-13.250531196594238 9.545344352722168
-13.161848068237305 9.634004592895508
-51.07691192626953 31.84821319580078
70.99647521972656 -34.04636764526367
71.03475189208984 -34.284542083740234
70.9884033203125 -34.472251892089844
70.81977081298828 -34.69353485107422
70.8347396850586 -34.91996383666992
70.57926940917969 -34.978328704833984
70.57769012451172 -35.19512176513672
70.73809814453125 -35.625450134277344
70.63301086425781 -35.778812408447266
70.85164642333984 -36.140899658203125
54.907554626464844 -20.490764617919922
54.9232177734375 -20.631256103515625
54.85631561279297 -20.79789924621582
54.831485748291016 -20.91901969909668
54.804447174072266 -21.039268493652344
54.72310256958008 -21.199119567871094
54.74299240112305 -21.343971252441406
54.730411529541016 -21.472530364990234
54.75627899169922 -21.621585845947266
54.75159454345703 -21.823320388793945
54.814762115478516 -21.993791580200195
54.84553527832031 -22.147823333740234
54.88175582885742 -22.374736785888672
54.92672348022461 -22.538278579711914
51.19428634643555 -17.650108337402344
51.05646896362305 -18.397153854370117
51.02322769165039 -18.498090744018555
50.977088928222656 -18.592830657958984
50.94670486450195 -18.754119873046875
50.90155792236328 -18.84951400756836
50.87036895751953 -18.95192527770996
50.788230895996094 -19.08783531188965
50.71357727050781 -19.168195724487305
50.54642868041992 -19.20066261291504
50.79777908325195 -19.50942039489746
50.824466705322266 -19.643386840820312
50.82060241699219 -19.76178741455078
50.8529167175293 -20.08207130432129
50.85091781616211 -20.202972412109375
50.90449523925781 -20.354717254638672
50.845638275146484 -20.5068359375
50.958824157714844 -20.693435668945312
50.961483001708984 -20.819272994995117
50.97496032714844 -21.0142879486084
50.97810363769531 -21.141605377197266
51.00840759277344 -21.285064697265625
50.93112564086914 -21.430036544799805
50.85166931152344 -21.510318756103516
50.785762786865234 -21.598411560058594
50.6286735534668 -21.632102966308594
50.826820373535156 -21.94219398498535
50.86426544189453 -22.22284698486328
50.96769332885742 -22.48155975341797
50.961612701416016 -22.608783721923828
4.019362449645996 4.711843013763428
2.709860324859619 4.590163230895996
1.7092159986495972 4.172335147857666
0.0470169261097908 3.9858298301696777
4.039304733276367 4.768290042877197
2.729288101196289 4.650457382202148
1.72538423538208 4.236292839050293
0.07734458893537521 4.049001693725586
4.087193965911865 4.8437113761901855
2.7821691036224365 4.729763984680176
1.7619143724441528 4.327085018157959
0.12041600048542023 4.144628524780273
4.10933780670166 4.899076461791992
2.812825918197632 4.784743785858154
1.8096287250518799 4.377474308013916
0.12338746339082718 4.218339920043945
4.1422038078308105 4.948816299438477
2.849029541015625 4.837030410766602
1.8392400741577148 4.435635566711426
0.16740499436855316 4.276124477386475
4.175135612487793 5.032111167907715
2.8955745697021484 4.919116497039795
1.8658099174499512 4.5307464599609375
0.22262190282344818 4.36685037612915
4.203146934509277 5.084428310394287
2.9214534759521484 4.976330757141113
1.9195038080215454 4.578132629394531
0.23378072679042816 4.4375176429748535
2.9492950439453125 5.032587051391602
1.9515424966812134 4.635082721710205
0.29131919145584106 4.4895172119140625
2.9879987239837646 5.083432197570801
1.974698781967163 4.696043968200684
0.3231794238090515 4.551788330078125
3.025007963180542 5.170162677764893
2.0242581367492676 4.780701160430908
0.34096550941467285 4.657530784606934
3.0587782859802246 5.223384857177734
2.0460779666900635 4.842289924621582
0.4008914530277252 4.708080291748047
3.0785505771636963 5.283756256103516
2.0681018829345703 4.903836727142334
0.4150647521018982 4.777677536010742
3.127124547958374 5.364614486694336
2.1383681297302246 4.978572845458984
0.4742976427078247 4.86602258682251
3.150904417037964 5.422995090484619
2.1554548740386963 5.042444705963135
0.4944978654384613 4.933125019073486
3.1854262351989746 5.475747108459473
2.1781294345855713 5.103697776794434
0.5496109127998352 4.985105037689209
3.2296085357666016 5.558852672576904
2.2384588718414307 5.182832717895508
0.5623506307601929 5.093467712402344
2.254455804824829 5.2473859786987305
0.6324392557144165 5.138566493988037
2.283155918121338 5.305734634399414
0.6480765342712402 5.207707405090332
2.326280355453491 5.356882095336914
0.6948095560073853 5.262911319732666
2.3610312938690186 5.448529243469238
0.7199072241783142 5.366037368774414
2.3974599838256836 5.502934455871582
0.8195168375968933 5.396712303161621
2.442891836166382 5.552659034729004
0.796324610710144 5.483898639678955
2.469787120819092 5.648433685302734
0.891024649143219 5.554537296295166
2.5032713413238525 5.704259872436523
0.8973085880279541 5.628258228302002
2.551008939743042 5.752557754516602
0.9308058023452759 5.68916130065918
2.56899094581604 5.816505432128906
0.9465453624725342 5.758584022521973
2.6235527992248535 5.897803783416748
1.0243045091629028 5.836522579193115
1.0244865417480469 5.913677215576172
1.0820441246032715 5.962625980377197
1.1071863174438477 6.066347599029541
1.1597895622253418 6.117525100708008
1.1770331859588623 6.186543941497803
1.2564475536346436 6.262683868408203
1.2636052370071411 6.3370184898376465
1.3098450899124146 6.391089916229248
1.361517071723938 6.442191123962402
3.697687864303589 1.0521621704101562
3.736072301864624 1.0993326902389526
3.7539172172546387 1.1815892457962036
3.7793431282043457 1.2324011325836182
3.829615831375122 1.2756104469299316
3.8521029949188232 1.3563116788864136
3.8685688972473145 1.409662127494812
2.971210479736328 1.0406146049499512
3.8927783966064453 1.4605792760849
2.9981789588928223 1.0935710668563843
3.909571647644043 1.5138007402420044
3.0291292667388916 1.1453280448913574
3.9501843452453613 1.5886417627334595
3.0720112323760986 1.2237836122512817
3.9824750423431396 1.6367419958114624
3.0880661010742188 1.2795894145965576
4.01489782333374 1.6846950054168701
3.117645263671875 1.3314555883407593
4.028038501739502 1.7683662176132202
3.132779836654663 1.4177523851394653
4.057076454162598 1.8173292875289917
3.151345729827881 1.4727916717529297
4.080623626708984 1.8681038618087769
3.177685499191284 1.5254650115966797
2.0044381618499756 1.0407023429870605
4.113420009613037 1.945070505142212
3.207049608230591 1.6074798107147217
2.037339687347412 1.1268625259399414
4.154207229614258 1.989688754081726
3.2243094444274902 1.6628592014312744
2.0703623294830322 1.1812580823898315
4.170788288116455 2.042752504348755
3.258791923522949 1.712803602218628
2.1054632663726807 1.2349653244018555
4.19502067565918 2.0930910110473633
3.28773832321167 1.764404535293579
2.1368820667266846 1.2895718812942505
4.236304759979248 2.166714906692505
3.3238778114318848 1.8440042734146118
2.1651735305786133 1.3765835762023926
4.273946285247803 2.212000608444214
3.3550949096679688 1.8946880102157593
2.1970059871673584 1.4308760166168213
0.8146963715553284 1.068183183670044
4.2968244552612305 2.262640953063965
3.380795955657959 1.947105884552002
2.225172996520996 1.4861236810684204
0.8457193374633789 1.12725031375885
4.323995113372803 2.3412458896636963
3.4139978885650635 2.027431011199951
2.2658212184906006 1.5693190097808838
0.9002872109413147 1.2136247158050537
4.345412254333496 2.3924098014831543
3.445744276046753 2.0776898860931396
2.290588140487671 1.6253962516784668
0.9355874061584473 1.271319031715393
4.381806373596191 2.437798261642456
3.4663546085357666 2.131669044494629
2.311715602874756 1.6825051307678223
0.963352620601654 1.330831527709961
4.40352201461792 2.4887642860412598
3.500275135040283 2.181025743484497
2.3368217945098877 1.7383856773376465
0.9874492883682251 1.3912361860275269
4.439158916473389 2.5639827251434326
3.5308005809783936 2.2620253562927246
2.372896909713745 1.8225969076156616
1.0296982526779175 1.4801093339920044
4.477867603302002 2.608164072036743
3.565088987350464 2.311060905456543
2.4022185802459717 1.877038598060608
1.0561671257019043 1.5397238731384277
4.500105857849121 2.658804416656494
3.5826849937438965 2.3659794330596924
2.4298036098480225 1.9319466352462769
1.092401385307312 1.5965855121612549
0.0173163041472435 1.0379493236541748
4.534679889678955 2.7342565059661865
3.625274658203125 2.4424920082092285
2.466759443283081 2.015617609024048
1.1144981384277344 1.690673828125
0.054162997752428055 1.1327693462371826
4.555473804473877 2.785454273223877
3.656339645385742 2.4924333095550537
2.4928646087646484 2.0708611011505127
1.1454238891601562 1.7488267421722412
0.0815405324101448 1.1952142715454102
4.581932544708252 2.8343164920806885
3.6838252544403076 2.5436301231384277
2.519136905670166 2.1260037422180176
1.1784346103668213 1.8062963485717773
0.1380777209997177 1.2503541707992554
4.63013219833374 2.9039721488952637
3.719764232635498 2.622321367263794
2.5626282691955566 2.2072625160217285
1.2225347757339478 1.8938896656036377
0.16624440252780914 1.3468945026397705
4.653287887573242 2.954096555709839
3.756913900375366 2.669725179672241
2.5836596488952637 2.264024019241333
1.2407002449035645 1.9554986953735352
0.19426229596138 1.4088588953018188
4.6802473068237305 3.002591371536255
3.7849247455596924 2.720522880554199
2.6123909950256348 2.318157196044922
1.2705001831054688 2.0136375427246094
0.2513571083545685 1.4631984233856201
4.701880931854248 3.0533363819122314
3.803828477859497 2.774798631668091
2.637525796890259 2.373462438583374
1.304274082183838 2.0704994201660156
0.2739522159099579 1.5263447761535645
4.738274574279785 3.1277358531951904
3.8463659286499023 2.850660562515259
2.678356170654297 2.4552526473999023
1.3419386148452759 2.15958571434021
0.322621613740921 1.6170284748077393
4.771206855773926 3.173502206802368
3.871220588684082 2.9025559425354004
2.711400270462036 2.507657766342163
1.3609423637390137 2.2208163738250732
0.35912585258483887 1.6762510538101196
4.797008991241455 3.222356081008911
3.89992356300354 2.952893018722534
2.733363628387451 2.56392765045166
1.3915241956710815 2.27842116355896
0.3842962086200714 1.7384705543518066
4.81968879699707 3.3027634620666504
3.9487721920013428 3.025933027267456
2.7713074684143066 2.6464874744415283
1.4320292472839355 2.366379976272583
0.4108981192111969 1.8348122835159302
4.853118896484375 3.3481621742248535
3.968647003173828 3.0797321796417236
2.7974331378936768 2.7011916637420654
1.4649295806884766 2.4230616092681885
0.45377206802368164 1.8919285535812378
4.879452228546143 3.3967082500457764
3.996035575866699 3.1304314136505127
2.819998025894165 2.7571592330932617
1.4885417222976685 2.4826712608337402
0.4795900583267212 1.9537568092346191
4.904806613922119 3.476017713546753
4.040152072906494 3.205138921737671
2.8588204383850098 2.8392319679260254
1.5280815362930298 2.57067608833313
0.5072051286697388 2.049652338027954
4.9513258934021 3.515159845352173
4.06608772277832 3.2563517093658447
2.8892481327056885 2.8921940326690674
1.5540345907211304 2.6294353008270264
0.5525862574577332 2.1056268215179443
-0.8389471769332886 6.582027435302734
4.961991786956787 3.5709526538848877
4.10861873626709 3.3004565238952637
2.9216878414154053 2.9443135261535645
1.591467261314392 2.6842598915100098
0.5637980699539185 2.1716156005859375
-0.8114137649536133 6.652702808380127
4.9800262451171875 3.623358726501465
4.131192684173584 3.352994680404663
2.9524216651916504 2.9970149993896484
1.619645595550537 2.7421350479125977
0.5847461223602295 2.2347216606140137
-0.7621876001358032 6.712784290313721
5.019043922424316 3.696310520172119
4.169003963470459 3.430081367492676
2.9923348426818848 3.078355312347412
1.6565988063812256 2.830693244934082
0.64602130651474 2.3201816082000732
-0.7406806945800781 6.828653335571289
5.032130718231201 3.751169204711914
4.197442054748535 3.4800329208374023
3.0327095985412598 3.127119302749634
1.687095284461975 2.8876447677612305
0.6503323316574097 2.388326406478882
-0.6838393807411194 6.884819984436035
5.048976898193359 3.80427622795105
4.233290195465088 3.5266568660736084
3.0584373474121094 3.1815662384033203
1.721506118774414 2.94313907623291
0.6738517880439758 2.4505369663238525
-0.6677712798118591 6.961363315582275
5.083485126495361 3.879499673843384
4.273715496063232 3.6024112701416016
3.095500946044922 3.2638137340545654
1.7444148063659668 3.036540985107422
0.7360367774963379 2.5352237224578857
5.116760730743408 3.924553155899048
4.293619632720947 3.6560614109039307
3.127167224884033 3.315788984298706
1.7699111700057983 3.095144510269165
0.7524321675300598 2.5995802879333496
4.319117546081543 3.7071971893310547
3.153474807739258 3.369905948638916
1.8086574077606201 3.148874044418335
0.7879543900489807 2.657733201980591
-0.8455369472503662 2.3178741931915283
4.351346492767334 3.7866461277008057
3.1877360343933105 3.4531848430633545
1.84748375415802 3.236412286758423
0.8188842535018921 2.7521679401397705
-0.8161890506744385 2.4200096130371094
4.704250812530518 1.0652188062667847
4.373644828796387 3.8392539024353027
3.2236218452453613 3.503230333328247
1.8828974962234497 3.2911550998687744
0.8661679029464722 2.8061892986297607
-0.7925361394882202 2.486903190612793
4.736868381500244 1.1106548309326172
4.4051055908203125 3.8875837326049805
3.2614808082580566 3.5523569583892822
1.9110387563705444 3.3485729694366455
0.8909772038459778 2.867645502090454
-0.7686743140220642 2.553720235824585
4.735509395599365 1.1665254831314087
4.433110237121582 3.9374852180480957
3.288505792617798 3.605990409851074
1.9393436908721924 3.4058783054351807
0.912207841873169 2.9302892684936523
-0.7236235737800598 2.6141679286956787
4.774088382720947 1.2099751234054565
4.475406169891357 4.012152671813965
3.33117413520813 3.6854753494262695
1.9756393432617188 3.494159460067749
0.9650962352752686 3.0169546604156494
-0.6852594614028931 2.7134084701538086
4.813266754150391 1.2808210849761963
4.505579471588135 4.060944080352783
3.360426187515259 3.7380712032318115
2.0117976665496826 3.5483174324035645
0.9755259156227112 3.0833239555358887
-0.6435700058937073 2.774573564529419
4.82382869720459 1.3329819440841675
4.521611213684082 4.116579055786133
3.402571201324463 3.7849550247192383
2.0351619720458984 3.6074416637420654
1.0068156719207764 3.1423819065093994
-0.6188220381736755 2.8408617973327637
4.843993186950684 1.3820527791976929
4.557594299316406 4.194275856018066
3.440598487854004 3.8662428855895996
2.079782009124756 3.6922831535339355
1.0606229305267334 3.2283668518066406
-0.5661306381225586 2.9353177547454834
4.893343448638916 1.44927978515625
4.577638626098633 4.248053550720215
3.4631428718566895 3.9216954708099365
2.1165056228637695 3.745975971221924
1.079246163368225 3.2918450832366943
-0.5427796244621277 3.0019421577453613
4.9044575691223145 1.5012537240982056
4.613842964172363 4.293776035308838
3.4949140548706055 3.9729726314544678
2.146010398864746 3.80251145362854
1.107412338256836 3.351839780807495
-0.52680903673172 3.0709269046783447
4.92137336730957 1.5512971878051758
4.641307830810547 4.343827724456787
3.523219347000122 4.025784015655518
2.1812057495117188 3.856667995452881
1.1506898403167725 3.40620493888855
-0.4841100871562958 3.1312313079833984
4.960972785949707 1.5935970544815063
4.683679580688477 4.418283939361572
3.565979242324829 4.104814529418945
2.226949691772461 3.940696954727173
1.1739656925201416 3.503126621246338
-0.4433717131614685 3.229151725769043
4.988717079162598 1.6677327156066895
4.706230640411377 4.470822334289551
3.5982866287231445 4.155689239501953
2.249711036682129 3.999910593032837
1.200911283493042 3.563467025756836
-0.4172256290912628 3.2947211265563965
5.017386436462402 1.7135757207870483
4.7201385498046875 4.527879238128662
3.6253480911254883 4.208986282348633
2.29097056388855 4.051290035247803
1.2577792406082153 3.612335681915283
-0.38144391775131226 3.3570120334625244
5.029364585876465 1.765255093574524
4.773907661437988 4.596380233764648
3.665351390838623 4.289173603057861
2.328447103500366 4.138622760772705
1.2802165746688843 3.709582567214966
-0.3396724462509155 3.454352617263794
5.070974826812744 1.8343442678451538
4.797037601470947 4.648678302764893
3.6946165561676025 4.341380596160889
2.359137535095215 4.19437313079834
1.3077946901321411 3.7695531845092773
-0.31847652792930603 3.521519899368286
5.081478595733643 1.8865728378295898
4.818584442138672 4.701847553253174
3.724041223526001 4.393483638763428
2.402745246887207 4.244426727294922
1.3596090078353882 3.819911241531372
-0.29894140362739563 3.5892839431762695
5.125682830810547 1.9265093803405762
4.860851287841797 4.776324272155762
3.7702596187591553 4.470566749572754
2.4429545402526855 4.3304266929626465
1.3904708623886108 3.9138596057891846
-0.2411012351512909 3.6808102130889893
3.807202100753784 4.518881797790527
2.461510181427002 4.3914361000061035
1.4260526895523071 3.9704506397247314
-0.23792308568954468 3.7544233798980713
3.8282690048217773 4.575020790100098
2.4947731494903564 4.445877552032471
1.4691671133041382 4.023897171020508
-0.17085488140583038 3.804978132247925
3.8530712127685547 4.629319667816162
2.5336251258850098 4.497711658477783
1.499544620513916 4.08244514465332
-0.14480803906917572 3.8702681064605713
3.891486406326294 4.7101922035217285
2.573209047317505 4.583903789520264
1.5371822118759155 4.173515796661377
-0.10814987123012543 3.969088554382324
3.9273390769958496 4.758882999420166
2.6106460094451904 4.636233806610107
1.584517240524292 4.224859237670898
-0.06667979061603546 4.028566360473633
3.942129611968994 4.8183488845825195
2.644627809524536 4.690093994140625
1.6045161485671997 4.287651062011719
-0.03249014541506767 4.0906805992126465
-32.400474548339844 22.738000869750977
-32.17463302612305 22.938159942626953
-31.93876838684082 23.027528762817383
-31.715303421020508 23.122089385986328
-31.50419807434082 23.32619285583496
-31.275041580200195 23.41551971435547
-31.07061767578125 23.516695022583008
-30.888124465942383 23.732831954956055
-9.784001350402832 -13.252645492553711
-9.795663833618164 -12.993629455566406
-9.804654121398926 -12.526570320129395
-9.806757926940918 -12.423286437988281
-9.8410062789917 -12.277182579040527
-9.840347290039062 -12.173460960388184
-5.498538970947266 -8.850828170776367
-9.854756355285645 -12.07394790649414
-7.659323692321777 -10.209534645080566
-9.893230438232422 -11.826106071472168
-9.885259628295898 -11.721132278442383
-7.684532165527344 -9.88664436340332
-9.87359619140625 -11.5641450881958
-7.691617965698242 -9.794550895690918
-9.864736557006836 -11.459492683410645
-7.698412895202637 -9.70246410369873
-7.691224575042725 -9.607636451721191
-9.849828720092773 -11.251514434814453
-7.6886677742004395 -9.467310905456543
-9.855206489562988 -11.099946975708008
-7.684618949890137 -9.373461723327637
-9.870035171508789 -11.001667022705078
-7.690057754516602 -9.281567573547363
-9.890380859375 -10.904698371887207
-7.678056716918945 -9.140121459960938
-9.905721664428711 -10.755880355834961
-7.672935485839844 -9.046555519104004
-9.933082580566406 -10.66053581237793
-7.649852275848389 -8.9498872756958
-9.9601469039917 -10.565074920654297
-7.665672779083252 -8.814196586608887
-9.983604431152344 -10.418201446533203
-7.67324161529541 -8.72325325012207
-10.023581504821777 -10.32538890838623
-10.065234184265137 -10.232806205749512
-10.096832275390625 -10.138041496276855
-10.137821197509766 -9.99448013305664
-10.192181587219238 -9.903960227966309
-10.228650093078613 -9.809788703918457
-10.273991584777832 -9.666581153869629
-10.325439453125 -9.574883460998535
-10.374645233154297 -9.482574462890625
-10.416520118713379 -9.33813762664795
-10.474855422973633 -9.246978759765625
-10.513263702392578 -9.15219497680664
-10.58931827545166 -8.911432266235352
