27
0.5 0
0.5 0.4843474846690334
0.5 0.990222255670987
0.5 1.4900809505349257
0.5 2.0110373350217903
0 2.4877531177829137
-0.5 2.9921867741295904
-1.0 3.483359539383228
-1.5 3.9800241680264294
0.5 2.525586915441016
1.0 3.022002824489267
1.5 3.3765217175330764
2.0 3.7449817117052655
2.5 4.137066996668118
0.5 3.0310496445902184
0.5 3.5248854391985613
0.5 4.021503600175209
0.5 4.528130600281829
0.5 5.021306657571779
0 5.505654514074862
-0.5 5.246285359982857
0.5 5.5323845584257665
0.5 6.03002637951315
0.5 6.536292602712136
0.5 7.026528655710528
1.0 7.49302826244483
1.5 7.751562777191687
