17
66.45848536142148 -85.3384020710364
-27.520630128216 -40.63596877362579
37.22779105097288 62.41563000064343
62.59246236854233 -27.286343600600958
-12.232216372853145 10.869937647134066
-71.48991965851746 -90.86051885131747
-49.92909108509775 34.19210688304156
69.32231982401572 -35.7183732977137
53.37104193959385 -19.667025053873658
-69.14457360678352 48.35440085362643
2.135259102098644 4.026148805394769
75.10707511845976 -69.5755874235183
73.0094718632754 -44.16812240425497
75.25648382003419 -59.35402904916555
-29.58995976630831 20.740083139389753
-46.784214483515825 -65.49840991199017
-7.802393284626305 -11.6747553832829
