2028
-8.199579 10.838988
-13.999271 14.211595
0.86056185 5.307141
-6.0043693 8.668543
-23.161688 15.040614
-0.39272696 6.5939674
-7.7826815 8.204243
1.2243534 5.6277823
-5.1546054 8.959661
-22.96446 15.241469
-3.5602329 8.031241
-6.689447 8.490877
-41.72884 30.104872
-10.533783 10.765238
-19.69212 15.355509
-3.5162654 8.119145
-7.6853704 8.416183
1.2849858 5.7104445
-11.598289 10.509129
-42.117702 30.16229
-10.416999 10.918653
-18.954748 15.316671
-4.4351735 7.94663
-14.484407 14.333498
0.962881 5.5272617
-6.5573545 8.806443
-41.532566 29.087696
-5.7771378 9.1604805
-39.949406 29.845509
-8.813994 11.21521
-18.830061 15.77325
-4.340611 8.1324835
-13.906603 14.41874
-3.3366854 8.424183
-32.68387 24.301544
0.018739 5.098894
-7.4473886 8.876566
0.039874814 5.1184506
-6.3986225 9.109771
0.054241605 5.153663
-6.3687754 9.149609
0.6195093 5.3929844
-11.001137 11.134466
-41.750725 31.04063
-11.001528 11.2417965
-41.403244 31.14891
-10.932565 11.280713
-42.17773 28.470682
-10.926352 11.349379
-41.6074 29.20669
-12.841382 11.47091
0.12403386 5.3167286
-41.89746 28.969837
-44.43194 28.904385
-40.268246 30.68029
-6.188638 9.550611
-0.60636705 7.059459
-25.57312 18.182512
-10.545692 11.664109
1.1747657 5.9506516
-34.297535 25.85169
-42.527885 29.138552
1.2311394 5.9857774
-39.27196 29.104792
-43.30966 29.96646
-40.551193 30.934044
-6.0082474 9.897187
0.79392207 5.760121
-42.330917 29.15341
-41.681892 29.792192
-39.726154 30.306416
-11.999785 12.192422
0.2826005 5.6475286
-41.517155 31.878935
-5.8831787 10.163189
-11.63777 12.279258
-6.7566905 10.141346
-40.698742 29.864683
-21.54286 18.239412
-40.69411 31.368523
-6.6377416 10.397812
1.4430051 6.341142
-41.449047 29.531708
-40.88972 29.722916
-40.71758 30.02738
-40.254578 30.465866
-1.4541895 7.5719404
1.2146407 6.439101
0.6954735 6.382592
0.78471303 6.533677
12.213298 1.1967853
12.831681 0.7829508
12.795271 0.6869176
12.769451 0.6144132
12.137134 0.90039116
15.114337 -0.3290255
12.736037 0.4989084
12.097968 0.8194506
13.730547 0.20050895
15.061658 -0.49678722
11.786931 1.326739
12.89357 0.60329384
12.061763 0.7054953
11.768513 1.2689469
13.946224 0.29909816
12.654492 0.27275026
12.640656 0.26015314
13.925524 0.22876006
13.640914 -0.060380876
11.740953 1.1787616
12.120333 0.80167216
15.312352 -0.54466265
13.121806 0.69773537
13.89104 0.10756812
11.72736 1.119358
11.974276 0.5240532
17.018536 -1.7183442
12.571609 0.09356268
11.88815 1.2445863
12.069926 0.69270045
17.562206 -1.461794
12.54724 0.04816841
12.261104 0.94357103
14.826026 -1.0931585
12.536415 0.005507576
12.04426 0.6304497
17.512827 -1.6044716
11.8670025 1.1496212
21.39082 -3.4685159
12.512287 -0.049785793
26.211552 -5.944193
12.726147 0.15192221
11.899179 0.34508455
14.116647 0.15053032
12.012074 0.5465402
13.019305 0.3985716
11.885702 0.318454
14.098287 0.1113148
25.980762 -6.1537757
12.69791 0.078033164
38.135036 -11.558965
12.447293 -0.1514311
21.238873 -3.8126862
11.832977 1.0292828
17.394426 -1.9371198
11.979756 0.47075683
14.071393 0.017659707
38.50391 -12.142584
13.413455 -0.5865343
15.07931 -1.16406
12.195528 0.70717347
12.963631 0.26513204
26.05745 -6.6900578
13.7015915 -0.38183138
15.516373 -0.8371336
12.402474 0.85313594
13.19493 0.44733822
38.727825 -12.790727
13.366214 -0.66578615
15.0253525 -1.2677902
11.936262 0.3753099
14.02289 -0.12580907
21.778307 -3.9843786
11.592972 0.7590846
13.1577215 0.40183735
38.79511 -13.25139
11.782955 0.8922407
16.60143 -2.5548768
38.82562 -13.389991
11.769426 0.8825223
16.602682 -2.592712
38.85556 -13.528918
12.368326 0.7565119
12.900703 0.11512075
21.67328 -4.2045875
11.773452 0.08166284
12.573513 -0.18366466
15.4193 -1.0727358
29.029669 -7.0927205
11.882404 1.1353608
17.180948 -2.393747
38.849014 -13.961483
12.350872 0.70412743
14.254702 -0.010039824
20.93752 -4.5842695
61.735416 -26.397728
11.868258 1.1033502
13.375058 0.57859313
22.516857 -4.106097
57.187447 -25.06755
13.253901 -0.8730413
17.125072 -2.497288
19.735903 -2.6191332
11.852634 0.22460166
12.28408 -0.46468043
14.882886 -1.5599816
42.313034 -14.790462
12.32708 0.6372295
13.924554 -0.37787753
15.362777 -1.2390983
27.640753 -7.954249
11.517912 0.6004901
14.212048 -0.13614061
15.806659 -0.9836449
28.904703 -7.685509
11.705783 0.7363275
12.825049 -0.05917016
15.792142 -1.0077095
45.01547 -14.938382
11.502791 0.5778785
14.188323 -0.17441414
15.316205 -1.3210158
26.133614 -8.304966
11.819169 0.14047115
12.223104 -0.5482797
14.808888 -1.6974744
19.644436 -2.8940516
55.55447 -20.305256
13.1695595 -1.0137482
17.005693 -2.7385144
23.408958 -4.3803945
57.889606 -24.804626
12.0242405 1.1369399
16.406343 -3.0804334
22.320263 -4.6065917
30.637133 -8.000717
11.675589 0.65877986
12.772961 -0.15443853
15.735738 -1.1652794
26.187391 -8.690836
12.035955 0.33398423
12.461193 -0.4440736
17.725069 -2.4884484
20.060331 -2.6980112
54.65466 -23.72283
11.806225 0.92589885
14.497529 0.024466293
20.83431 -5.3196955
27.798717 -8.854892
11.457061 0.4800436
14.126729 -0.3408487
18.454632 -2.2502618
35.6193 -14.282402
11.616004 -0.16398722
13.094656 -1.1363279
16.360682 -3.2847657
22.209867 -4.8661227
50.145123 -17.081762
12.239958 0.43428677
13.794681 -0.65170985
14.70959 -1.9114097
19.494942 -3.234313
53.021168 -23.66047
12.468478 0.7024137
12.731484 -0.26569062
18.403807 -2.3695433
34.34807 -13.920968
54.698914 -21.832245
12.716188 0.8703486
12.976469 -0.0842883
15.161587 -1.6344724
38.836174 -15.26286
58.91141 -25.151365
11.777907 0.8322099
14.4600115 -0.13242985
15.633065 -1.3940017
38.44733 -15.170243
57.83863 -24.776365
11.771023 0.81995636
14.45539 -0.15521097
15.634954 -1.4258893
39.207813 -15.803306
55.213974 -23.640501
11.764862 0.7998706
14.441109 -0.1865188
15.605931 -1.4582769
39.21583 -15.940564
11.701235 -0.068797715
13.009973 -1.2774562
13.524369 0.36119926
21.344778 -5.6230063
26.049063 -9.617091
55.045444 -23.936865
11.745799 0.7776389
14.417052 -0.22620879
15.58455 -1.5099108
34.76504 -14.950325
55.10078 -21.054684
12.718027 0.7553725
12.931565 -0.19669849
15.082836 -1.79083
20.714638 -3.1100452
50.663902 -21.132977
12.418577 0.5574069
12.652291 -0.41886488
18.261509 -2.6916192
19.870777 -3.3090556
32.270157 -9.217406
11.370279 0.31197876
13.679343 -0.8724205
14.587017 -2.190514
19.301956 -3.6693387
30.903898 -9.752971
11.574511 0.4302076
14.009385 -0.6536556
17.478315 -3.0374248
23.808498 -5.0779853
32.319366 -9.479289
11.357838 0.28004447
13.656201 -0.92155427
14.131927 -2.4842124
18.670036 -3.9478853
29.06289 -10.04902
11.896531 0.0697204
11.998577 -0.89668626
16.167776 -3.79462
22.069298 -5.729193
27.553066 -10.291785
11.633833 -0.18629393
11.929858 0.8196753
14.829287 -0.17899217
15.478396 -1.7061155
20.595856 -3.3991601
35.019215 -9.940967
11.541877 0.36887747
13.952532 -0.7495975
14.51382 -2.3315127
19.211805 -3.903053
28.925573 -10.284689
16.605013 -1.1292201
13.227985 -1.286967
13.445894 0.14982748
21.217312 -6.223491
24.779058 -9.688761
50.330048 -20.474957
12.364117 0.42271575
12.576472 -0.56403786
17.393732 -3.2753103
23.697239 -5.4292073
56.283646 -21.543812
11.855902 -0.004178923
11.952827 -0.98196507
16.095623 -3.9695523
22.028126 -6.06869
38.283043 -15.807774
11.587509 -0.2639936
11.892735 0.7414386
14.785193 -0.31657508
15.401582 -1.8547528
20.50136 -3.6261322
50.446163 -21.147406
12.336131 0.37337714
12.542737 -0.61798006
17.35688 -3.3984814
19.16688 -4.1401515
31.063562 -10.9373255
11.834709 -0.05411849
11.908726 -1.0241985
16.044361 -4.077789
61.864235 -26.218134
26.134348 -10.177185
11.555617 -0.3060111
11.875095 0.69422865
14.755849 -0.39554018
15.363691 -1.945495
19.565434 -3.8678422
35.31235 -11.028861
11.475969 0.26252097
13.870683 -0.93283814
14.408084 -2.5478792
19.122458 -4.283379
49.950947 -19.582232
11.252249 0.1309932
13.509972 -1.175043
13.948539 -2.7819839
23.017094 -6.392372
28.23026 -10.809186
11.7944355 -0.119476266
11.858938 -1.0955158
15.9893 -4.2484503
58.754074 -25.502207
25.451553 -10.083741
16.50485 -1.4660816
13.099303 -1.493744
13.379089 -0.06710791
21.07064 -6.82971
23.279314 -9.493459
11.50096 -0.36863014
11.838597 0.6237694
14.708737 -0.51932544
15.301284 -2.0870297
20.336063 -3.9931858
15.813313 -1.7490464
12.744644 -1.7241831
13.034944 -0.28586176
20.369963 -7.1364956
20.319546 -4.060129
15.791573 -1.7865349
12.723319 -1.7468907
13.0320015 -0.31650952
20.350742 -7.1848297
20.298946 -4.0998874
16.400015 -1.5686692
13.045711 -1.5726265
13.332101 -0.14301978
21.016996 -7.0749183
20.297565 -4.1496735
16.376566 -1.5911727
13.046815 -1.5999348
13.332539 -0.16484767
20.976673 -7.1412635
20.274967 -4.21381
15.744201 -1.8757538
12.691134 -1.8148853
12.987523 -0.36823288
20.24061 -7.3214087
19.552794 -4.4246283
15.735651 -1.9039675
12.674722 -1.8281786
12.986941 -0.38952744
20.22069 -7.3694906
19.53618 -4.464984
16.396933 -1.7181082
13.007768 -1.6636709
13.2996855 -0.22548774
20.94688 -7.3437014
26.37583 -10.591356
11.673413 -0.25050125
11.746581 -1.2629968
15.778016 -4.5775
59.64265 -25.930729
28.981243 -11.355781
11.951434 -0.15426683
12.003595 -1.1167237
16.4241 -4.388149
21.795527 -7.2147903
51.110985 -22.861406
11.1524315 -0.046642326
13.353588 -1.4622844
13.778165 -3.1506617
22.843782 -7.239968
54.192444 -22.597603
11.356908 0.05868048
13.688025 -1.2649041
14.212975 -2.9695632
18.3119 -5.1688833
35.31684 -13.081783
12.505022 0.1884896
12.605662 -0.7814726
17.785923 -3.9000535
23.552578 -7.010696
11.374191 -0.5560074
11.749954 0.42706862
14.5843 -0.8600445
15.133392 -2.4788113
19.440462 -4.8126264
11.631997 -0.34284362
11.681613 -1.3575605
15.702195 -4.805486
50.42622 -22.136202
53.637486 -23.238722
11.3199835 -0.00019944432
13.625245 -1.3571465
14.135523 -3.0795083
18.25677 -5.3588777
11.169274 -0.77574635
11.501208 0.2535955
14.041956 -1.1015903
14.622621 -2.8068755
24.761295 -7.2225413
16.243181 -2.0329924
12.875474 -1.871513
13.208583 -0.43294305
20.518133 -7.7655845
53.39533 -23.767632
11.292524 -0.0403601
13.590819 -1.4278531
14.101984 -3.174789
18.833427 -5.38163
11.308015 -0.63827777
11.708786 0.3349406
14.505775 -1.0098835
15.049995 -2.6609921
20.126192 -5.013419
11.8557205 -0.32815897
11.884653 -1.3073242
16.171919 -4.747523
22.75303 -7.968615
32.373318 -12.469937
12.432424 0.036392156
12.50867 -0.94084734
17.672548 -4.2768507
19.24576 -5.1797204
11.036666 -0.19689071
13.203988 -1.7313299
13.571389 -3.461536
18.759758 -5.566692
16.143654 -2.2217226
12.793148 -1.9978611
13.139892 -0.55254716
20.11503 -7.8678493
32.04786 -12.642104
12.416996 -0.02206751
12.472344 -0.9951268
17.627014 -4.406754
19.303493 -5.4035797
11.232554 -0.13420665
13.506731 -1.5867823
13.990998 -3.3653612
22.604092 -7.4275
11.786881 -0.4156276
11.801804 -1.4007282
16.099688 -5.011357
18.095095 -5.8931613
15.458394 -2.5493574
12.410623 -2.269026
12.759068 -0.78517616
19.484367 -7.6636705
11.043571 -0.94832677
11.415121 0.076633915
13.878433 -1.3790021
14.446563 -3.1607764
29.793674 -11.832043
12.367391 -0.11050297
12.412154 -1.0898694
17.542128 -4.6268616
20.002275 -5.55938
12.020759 -0.23519439
12.110386 -1.2608612
16.824528 -4.909869
19.232279 -5.7051673
11.184325 -0.21112491
13.430377 -1.7110888
13.902839 -3.5245254
24.757524 -8.503289
10.943389 -0.32208368
13.069207 -1.9462156
13.393921 -3.7158008
23.047684 -8.28913
11.718913 -0.5229795
11.716605 -1.5169514
15.963746 -5.272206
18.572617 -6.103927
11.445196 -0.6452896
11.430906 -1.679024
15.255873 -5.473052
17.93841 -6.284598
15.979197 -2.6211066
12.638997 -2.2644029
13.004657 -0.7928109
21.550734 -8.313805
15.946389 -2.6369681
12.636631 -2.2919664
12.999262 -0.81259507
17.895123 -6.3594084
11.412051 -0.68799347
11.389972 -1.7259703
15.170683 -5.5590405
17.836985 -6.393244
11.38299 -0.6935461
11.372606 -1.7463752
15.138068 -5.6001625
18.474987 -6.36195
11.653445 -0.612776
11.646371 -1.6242293
15.829542 -5.490125
22.925852 -8.786172
10.864286 -0.41518816
12.972527 -2.1241539
13.23956 -3.9020398
24.476452 -9.084641
11.080668 -0.3334446
13.321147 -1.9525503
13.718743 -3.7840505
19.009295 -6.264383
11.909607 -0.43309394
11.970981 -1.4802463
16.58404 -5.3883667
10.86933 -1.1396775
11.278653 -0.118574515
13.706552 -1.7358218
14.220357 -3.5938635
15.238563 -3.0934894
12.151709 -2.5974789
12.560529 -1.0995249
18.329283 -6.6413946
11.588908 -0.7034746
11.563002 -1.7193066
13.132086 -4.022608
18.583725 -6.1846967
11.866517 -0.4918788
11.922854 -1.5487279
17.27435 -5.369732
11.011757 -1.0252461
11.477948 -0.06423529
14.142516 -1.6935306
17.437868 -6.6875033
11.285155 -0.8438481
11.246163 -1.9131432
15.548641 -5.7412443
23.701021 -9.272671
11.003575 -0.44159758
13.195389 -2.1270726
16.4356 -5.6587205
10.79167 -1.236381
11.215194 -0.21107142
13.600328 -1.8877482
14.619817 -3.6153834
15.77806 -3.1526134
12.410651 -2.588893
12.822352 -1.0975817
21.398447 -8.622655
10.743041 -0.5625343
12.809774 -2.396113
13.495848 -4.0685534
19.647348 -6.833882
12.135966 -0.5137895
12.129347 -1.525007
14.0410185 -3.871302
15.733329 -3.2540598
12.370343 -2.6578355
12.792139 -1.160795
22.923084 -9.22847
10.949441 -0.52431995
13.117691 -2.269274
17.10138 -5.761829
15.070166 -3.4894335
11.957937 -2.8322227
12.41636 -1.3261673
18.493444 -6.8296304
11.746711 -0.6549783
11.781345 -1.7336365
13.971071 -3.9819758
11.176025 -0.9859532
11.093191 -2.0505953
12.848116 -4.3106513
10.8705225 -1.187535
11.369984 -0.23530278
13.995801 -2.0049171
21.847664 -8.800611
10.894421 -0.57832384
13.059379 -2.3848555
16.981142 -5.9449835
11.141926 -1.0176717
11.051488 -2.0843277
12.7990465 -4.3795967
14.982089 -3.6890733
11.850681 -2.9392817
12.356384 -1.4508713
19.283396 -7.244512
12.035737 -0.68138635
12.009417 -1.7103076
14.387355 -3.9962873
10.627425 -0.70816356
12.642714 -2.656137
15.621168 -5.7352624
15.592305 -3.6557782
12.18047 -2.8739467
12.64693 -1.373369
10.782198 -1.2728841
11.296249 -0.32448864
13.906152 -2.1813612
19.116192 -7.383417
11.989133 -0.74190086
11.963372 -1.784783
14.320295 -4.115539
11.626886 -0.8291153
11.63889 -1.9354044
14.289155 -4.1468806
11.626487 -0.85004693
11.628792 -1.9521552
14.273852 -4.173228
11.614589 -0.86129695
11.612345 -1.9617778
14.25845 -4.199544
11.608348 -0.87737864
11.60965 -1.987022
18.460228 -7.18089
11.935168 -0.8287583
11.888946 -1.8720415
10.502886 -1.5283471
10.995634 -0.512669
13.298358 -2.4386654
14.790502 -4.064681
11.645982 -3.1531816
12.21092 -1.6699424
10.98461 -1.2256552
10.829318 -2.2825992
12.991394 -4.6109853
10.492718 -0.84555703
12.447944 -2.9109962
13.573051 -4.4774137
10.71888 -0.78952324
12.8209505 -2.7767143
14.115488 -4.391855
11.8731985 -0.93150884
11.810531 -1.9835272
10.625758 -1.4470098
11.180006 -0.50951266
13.727942 -2.5099983
10.9262 -1.289703
10.757754 -2.3542783
13.490283 -4.58002
11.487358 -1.0205661
11.4590225 -2.1431623
14.631368 -4.3131347
11.484653 -3.2826233
12.105641 -1.8240542
10.417431 -0.9272028
12.324669 -3.0460184
10.357502 -1.6588732
10.875683 -0.64156145
13.153022 -2.7058306
10.851064 -1.3464131
10.6740055 -2.4248183
13.373209 -4.710232
11.4396925 -1.110327
11.379468 -2.2245083
14.540566 -4.46059
11.396919 -3.367399
12.045441 -1.9152341
10.368223 -0.9873932
12.24676 -3.14837
10.285892 -1.7201091
10.818901 -0.7043481
13.0861 -2.8398435
10.798453 -1.4185216
10.589816 -2.4778974
13.260032 -4.82351
11.378475 -1.1765203
11.306847 -2.3002753
14.4302025 -4.6119018
11.287094 -3.4385521
11.969778 -2.005508
10.535737 -0.9759915
12.551787 -3.1187325
14.392241 -4.661487
11.256773 -3.4727857
11.950691 -2.042255
10.510862 -1.0013268
12.512756 -3.1628685
14.33996 -4.7185106
11.209933 -3.5008993
11.921555 -2.082855
10.493583 -1.0248538
12.480996 -3.19769
14.305196 -4.771967
11.177128 -3.531423
11.8966875 -2.1137993
10.474018 -1.0569901
12.4574585 -3.2605476
14.25592 -4.832735
11.132684 -3.5639117
11.866891 -2.1540637
10.450621 -1.0732125
12.418841 -3.2876456
14.89495 -4.8489366
11.495585 -3.5340433
12.199489 -2.1135495
11.584131 -1.3263911
11.446688 -2.4032192
10.913934 -1.5617086
10.679204 -2.5923705
10.274771 -1.7595841
10.898831 -0.8438181
13.351999 -3.1781447
10.383207 -1.1252965
12.319007 -3.3885026
14.609482 -4.80851
11.402306 -3.6175106
12.131455 -2.2038085
11.520502 -1.3963822
11.36754 -2.4756103
10.84184 -1.6283121
10.585956 -2.6534111
10.205006 -1.8105916
10.844785 -0.90338546
13.268392 -3.2910147
10.323815 -1.1763191
12.234698 -3.491169
14.626941 -5.107151
11.296597 -3.7036204
12.05937 -2.3056128
11.459916 -1.482082
11.284721 -2.560116
10.771559 -1.6842695
10.504219 -2.71655
10.126517 -1.8627347
10.782995 -0.96564114
13.172006 -3.4099448
11.072796 -1.5504072
10.893188 -2.6707807
10.731167 -1.7258006
11.69237 -3.6951623
14.443248 -5.217084
10.103673 -2.8041763
9.838005 -2.0252664
10.75242 -1.0301341
11.580565 -2.4895182
11.368156 -1.5861609
12.553343 -3.5257974
10.201462 -1.2869389
10.807664 -2.7324903
10.667629 -1.805875
11.579394 -3.7767336
14.245988 -5.283916
10.008977 -2.8615296
9.762199 -2.0673802
10.690159 -1.0817528
11.503377 -2.5687962
11.303414 -1.6695186
12.445287 -3.6247191
10.13508 -1.3419138
11.062224 -2.7541792
9.879095 -1.3811463
10.697045 -2.808822
9.869647 -1.3928703
10.6832285 -2.8233113
9.850499 -1.4016805
10.6535845 -2.829249
9.840068 -1.4117448
10.640586 -2.8452816
9.830471 -1.4233751
10.622934 -2.8529773
9.808588 -1.4271973
10.598692 -2.868575
9.801501 -1.4435519
10.584594 -2.882805
9.789173 -1.4502796
10.568638 -2.8936574
9.7723465 -1.4635127
10.545967 -2.9123614
9.756568 -1.4637082
10.532561 -2.928134
9.745862 -1.4735204
10.866006 -2.9035141
9.981246 -1.4609082
12.197203 -3.8855793
10.760654 -1.8696829
12.713413 -3.9524462
11.1038475 -1.8922769
11.228179 -2.8203597
10.233743 -1.3284961
11.594857 -2.8077748
10.476653 -1.3109486
9.457023 -2.2385051
9.628714 -3.0496774
9.685279 -2.142751
9.950631 -3.0537424
10.018479 -2.0703087
11.514871 -4.103778
10.307654 -2.0853436
10.698865 -3.0281215
9.865157 -1.5626609
12.543577 -4.111588
10.991388 -2.0046117
11.476371 -2.9269683
10.3794985 -1.3791907
9.585356 -2.1914344
9.836103 -3.1222792
10.238533 -2.148389
10.606889 -3.0866182
9.790333 -1.6068484
12.437785 -4.2294025
10.915146 -2.0789268
11.383575 -3.0122721
10.316645 -1.4317743
9.505245 -2.2476912
9.730177 -3.1624165
10.15178 -2.1979268
10.51017 -3.1582267
9.724417 -1.6529156
10.915424 -3.0605636
10.01164 -1.5062096
9.436285 -2.2681923
9.654066 -3.2019026
9.42491 -1.6690227
12.257158 -4.378059
10.791397 -2.17864
9.136088 -2.381913
9.592737 -3.2271311
9.637057 -1.7056726
9.10501 -2.3893538
9.556859 -3.2392
9.604145 -1.7211193
9.066238 -2.3988206
9.519004 -3.2755497
9.580032 -1.738258
9.037059 -2.4129488
9.478761 -3.2745411
9.547622 -1.754918
9.252762 -2.3468144
10.240605 -3.332793
10.630205 -2.3032706
9.8902445 -2.3655636
11.023726 -3.3046052
10.066609 -1.6507128
9.476398 -1.7920313
9.16547 -2.3884723
10.129891 -3.378768
10.545406 -2.368192
9.804718 -2.400072
10.927096 -3.3686345
9.995841 -1.6933844
10.137997 -2.3418636
9.754676 -2.4319894
8.812145 -2.5033586
10.019778 -3.4528058
10.446591 -2.4452996
9.0892105 -1.8486482
9.019448 -2.4603283
10.790857 -3.471017
9.888859 -1.7641777
10.38038 -2.4908707
9.283617 -1.9004592
9.624078 -2.5119448
8.9256735 -2.483397
10.679924 -3.5325017
9.82112 -1.8136369
10.300329 -2.5488682
9.201433 -1.932119
9.534322 -2.560413
8.840217 -2.5064323
10.581507 -3.5959396
9.743096 -1.8603438
9.461235 -1.8439426
10.191717 -2.6108885
9.821799 -2.5329792
9.092424 -1.976553
9.079556 -1.9845213
9.065533 -1.9889785
9.045575 -1.9990611
9.0325985 -2.006895
9.018505 -2.011204
8.995743 -2.012347
8.98374 -2.0235314
8.971159 -2.032935
8.955952 -2.033549
8.93519 -2.0413885
8.9204855 -2.0436366
8.9067745 -2.0493498
8.886896 -2.0604808
8.872151 -2.0625718
8.858361 -2.0681384
8.836929 -2.0737643
8.822627 -2.0774581
8.809229 -2.0846415
8.79444 -2.0864804
8.77381 -2.0953453
8.758563 -2.0952978
8.746358 -2.1076121
8.725166 -2.1144853
8.710736 -2.1178284
8.69671 -2.1229043
8.674616 -2.1259873
8.661748 -2.136295
8.648431 -2.1447868
8.631965 -2.1389701
8.611721 -2.1506698
8.599798 -2.166163
8.583732 -2.1619601
8.56114 -2.1627116
8.546914 -2.1673298
8.533016 -2.1736958
8.517715 -2.1728497
8.496464 -2.180457
8.482815 -2.1884677
8.467506 -2.1874552
8.445517 -2.191238
8.433013 -2.2062957
8.417385 -2.2033203
8.395911 -2.210469
8.380022 -2.2055683
8.365876 -2.2114325
8.344601 -2.2201493
8.329301 -2.2186856
8.315339 -2.2262025
8.300302 -2.2264507
8.880406 -2.932626
9.208963 -3.1170425
8.591058 -2.190535
8.836339 -2.2885504
7.7425866 -2.733966
8.095682 -2.8010066
7.915914 -2.165969
8.489751 -2.2190466
8.106799 -2.2398424
8.703958 -2.3326557
7.813544 -2.163334
8.028448 -2.2851632
8.602294 -2.3762517
7.9387403 -2.293198
8.520287 -2.402785
7.8565392 -2.3028786
8.427264 -2.412796
7.7667794 -2.3186224
8.344523 -2.4381857
7.683819 -2.3125563
8.249905 -2.4357133
7.5932884 -2.346952
8.1665325 -2.459925
7.5096817 -2.356135
8.073718 -2.4723804
8.018692 -2.469353
7.351406 -2.3305259
7.6470094 -2.355177
7.5936823 -2.3658056
6.9673457 -2.1812623
7.510145 -2.360379
6.885738 -2.17588
7.417906 -2.3769448
6.7978334 -2.1623626
7.333945 -2.373972
6.715207 -2.1593487
7.243062 -2.3616033
6.629198 -2.1355104
7.159522 -2.3537831
6.546177 -2.1312516
7.066711 -2.3581555
6.4604506 -2.1060386
6.9811606 -2.3618023
5.732818 -2.4508913
5.6934795 -2.4373672
5.6562953 -2.4403539
5.6177373 -2.4245136
5.5869803 -2.4116235
5.550133 -2.3918486
5.510447 -2.3785548
5.4784484 -2.368361
5.439681 -2.352805
5.410958 -2.3354502
5.372427 -2.3193536
5.333195 -2.3046086
6.7356153 -2.5038342
6.6958466 -2.5000892
6.456652 -2.280168
5.8984003 -1.9528321
5.1815405 -2.23426
6.365238 -2.263822
5.8192897 -1.9285431
5.0895853 -2.1932952
6.2845597 -2.2373352
5.736577 -1.8931817
5.0148325 -2.1386802
6.1931763 -2.219425
5.662893 -1.8561047
4.92926 -2.0865338
6.10933 -2.2021756
5.5815735 -1.8178082
4.8537674 -2.0340745
6.021409 -2.172232
5.51016 -1.7765014
4.7692385 -1.9804962
5.9374466 -2.1536245
5.430368 -1.7353408
4.6905723 -1.9330521
5.388564 -1.7026637
6.015078 -2.3581161
5.109381 -2.3666165
5.782146 -2.1029627
4.7824445 -2.0622795
5.429251 -1.8900292
4.5321174 -1.8246315
5.2428007 -1.6118642
5.8363385 -2.3095684
4.931433 -2.2624495
5.321931 -1.829526
5.7648377 -2.2936916
4.4176645 -1.7135104
4.8528357 -2.2099285
5.2496467 -1.785403
5.677357 -2.25213
4.350398 -1.651213
4.77623 -2.154532
5.173407 -1.7330194
5.59448 -2.2206552
4.274364 -1.5867972
4.690461 -2.0979147
5.1019816 -1.6879725
5.3585787 -1.9081116
5.4932146 -2.1708868
5.4809427 -2.159061
5.462497 -2.1605575
5.297697 -1.8736188
5.0149302 -1.62469
4.670992 -2.3669248
4.5347724 -2.006821
4.2997146 -1.6682314
-13.73585 -22.846737
3.3507645 -2.0666008
5.3369846 -2.1053374
5.1946383 -1.8035268
4.9167585 -1.5510168
4.788903 -1.2871572
4.532866 -2.267935
4.041574 -1.3381344
-14.296598 -22.223822
3.2593482 -1.9357126
5.10493 -1.7421592
4.464018 -2.2264404
-18.165876 -30.563936
3.223266 -1.8752692
5.056746 -1.7169849
4.4061494 -2.2003112
-18.380568 -30.094318
3.1838799 -1.8184758
4.7499623 -1.4551941
4.0757675 -1.454002
-6.3516483 -12.705337
4.7387547 -1.4058844
3.9052207 -1.1830854
3.201981 -2.1570137
4.6130958 -1.1156898
-18.963774 -29.362562
5.0515094 -1.9387708
3.8665473 -1.1403745
3.0927355 -1.6908425
4.0029097 -1.3608714
3.137706 -2.078416
4.1654925 -1.7138445
3.2725754 -2.5451934
4.5490623 -1.0653387
-6.76832 -12.296229
4.6301475 -1.321921
-7.0705876 -13.510465
4.4318676 -2.374664
-7.119394 -13.462668
4.4134974 -2.3691745
-6.9074244 -12.114306
4.494391 -1.0264705
-1.5909994 -5.976922
4.084002 -1.6249477
3.0382617 -1.9503256
3.75346 -1.0098186
2.9663985 -1.5308195
-25.494045 -40.16773
1.9350377 -2.6195526
-16.777658 -20.572908
4.7650723 -1.5126296
-7.444242 -13.111109
4.5228157 -1.2243997
0.42577344 -3.611355
4.019919 -1.5557772
2.981822 -1.8518248
-26.421745 -40.10454
1.8868492 -2.518165
-17.215685 -20.330173
4.2609215 -2.2520857
-7.2981143 -11.54882
4.0289063 -1.8853393
3.0389996 -2.3051133
3.6592839 -0.89578456
1.8963794 -2.968262
-19.712492 -23.965662
4.667963 -1.4358716
-7.4397135 -11.372847
3.9847667 -1.840934
2.9866974 -2.2540827
-19.771442 -23.69128
4.650209 -1.4083674
0.28708833 -3.3804262
-27.844273 -39.531525
1.800184 -2.3260198
0.18547381 -4.0885224
3.7447317 -1.0561968
2.8142254 -1.2813748
-8.492846 -14.250872
3.9350908 -1.7759372
2.9243517 -2.1836517
-9.630114 -18.163439
4.3674655 -1.0896682
-2.1035025 -5.40494
-16.926407 -18.483194
4.0911655 -2.1279209
-2.2292612 -6.3589315
-21.107008 -25.811556
4.6484737 -1.6453868
0.18444693 -3.8635173
3.6884418 -0.98444736
2.7560728 -1.1926918
-8.746113 -13.884667
4.25556 -0.7532178
2.924077 -2.5102267
-18.50656 -20.882912
4.537809 -1.2903165
0.11514414 -3.1215565
-23.813456 -29.992952
1.702556 -2.1013227
-8.020373 -10.684346
3.6387913 -0.9181209
2.708236 -1.1086977
-8.931498 -13.60835
3.4977796 -0.6579009
1.6688243 -2.5899932
-8.473171 -11.838429
3.487951 -0.6448284
1.6617445 -2.5637047
-8.103841 -10.503274
3.4736934 -0.6350189
1.6474103 -2.543616
-8.178691 -10.4401455
-26.226454 -33.759197
4.5197787 -1.5367364
0.016137907 -2.9387238
-11.622565 -20.231531
3.9094934 -1.9887885
2.791689 -2.367779
-10.103286 -15.389787
3.7286832 -1.5810224
2.6853144 -1.385822
0.008648485 -4.3214045
3.4373837 -0.5603823
1.5935441 -1.9037825
-0.034928925 -2.8488963
-19.078415 -21.449823
3.895361 -2.3964274
-2.4930854 -4.8362026
-4.605569 -8.454175
3.6921391 -1.5296184
2.653659 -1.3228959
-0.04642783 -4.220308
-22.952646 -26.624489
3.8629758 -2.3593261
-2.543776 -4.751743
-4.6821084 -8.349736
3.6673765 -1.4917645
2.6209466 -1.2857869
-0.09135145 -4.1532884
-22.262718 -25.611681
3.8303347 -2.3383703
2.9312468 -2.6264768
-10.482069 -14.875964
3.502987 -0.72037274
1.52304 -2.2819128
-0.16751122 -3.339279
-10.92517 -16.527391
3.7805722 -1.8448113
2.6331613 -2.2060885
-9.6649 -12.707602
3.367031 -0.43068478
1.5214369 -1.6973822
-0.1252225 -2.5923514
-5.1258087 -9.158724
3.6127927 -1.4092921
2.5765858 -1.1837903
-3.230203 -7.960204
-5.2666745 -10.126954
3.7390587 -2.2669034
2.8358915 -2.536555
-9.8474245 -12.530475
3.4434586 -0.64156765
1.4605757 -2.1458585
-0.2583256 -3.1783006
-11.192665 -16.146263
4.0734186 -0.7400152
1.5456362 -3.2766824
-0.24828266 -3.909635
-5.7971444 -11.31514
4.302803 -1.3354062
-2.7174568 -4.3259435
-10.040341 -12.361367
3.526633 -0.97150767
2.4989307 -0.69746137
-0.3120469 -3.0853546
-5.3427906 -8.843626
4.0368977 -0.7016646
1.4954978 -3.1973448
-0.31495607 -3.8199465
-5.502512 -9.842923
4.2276945 -0.9823513
2.6735518 -2.4975865
-9.674802 -10.583371
3.3849542 -0.5417584
1.4088724 -1.973772
-0.23145857 -2.298897
-5.118902 -7.643896
3.9730718 -0.3770336
1.3842136 -2.5891297
-3.559696 -7.5876255
-13.1119995 -18.546255
3.60435 -2.1274085
2.4909742 -1.9442521
-9.397903 -9.215545
3.2401679 -0.24131398
1.3863791 -1.3976151
2.7990355 -2.7271829
-9.92176 -10.384092
3.345753 -0.47899565
1.3576283 -1.877346
-3.1412714 -5.0194116
-5.229302 -7.4382367
3.9287145 -0.3279728
1.331473 -2.4857612
-3.4357326 -6.211456
-12.103732 -15.512463
3.5614274 -1.5875697
2.443284 -1.4018693
-0.47887933 -3.5642502
-5.8315473 -9.416052
4.136669 -0.86852235
2.5217466 -2.3519654
-9.617272 -8.932289
3.184277 -0.17026088
1.3121004 -1.2936261
-2.9694886 -3.8640068
-10.853837 -11.751423
3.3974674 -0.7833029
2.3970582 -0.46050707
-0.35379672 -2.0355399
-5.372501 -7.1631103
3.8868642 -0.24985123
1.2652867 -2.3460417
-3.556469 -5.9700713
-12.537228 -15.278659
3.5040233 -1.5046408
2.390953 -1.3013588
-0.55817306 -3.4058213
-5.9957495 -9.147924
3.4561281 -1.9616575
2.3806617 -1.7179815
-0.6414934 -4.120796
-6.5385385 -10.395032
4.0585036 -0.79527843
2.4182231 -2.2366738
-9.862301 -8.54869
3.148169 -0.05963943
4.082528 -1.09351
2.4162807 -2.2087996
-9.925488 -8.511462
3.1434634 -0.043682598
4.075229 -1.0783585
2.4087398 -2.1860108
-9.980458 -8.430582
3.134883 -0.020624833
4.057207 -1.0627542
2.38395 -2.1637523
-10.002785 -8.367873
3.1286857 -0.0055353898
4.046105 -1.051438
2.3838027 -2.1346633
-10.048642 -8.31957
3.1143904 0.0051866467
4.0376663 -1.0375044
2.375118 -2.1130972
-10.107963 -8.279293
3.1262367 0.029920533
4.026643 -1.0261269
2.3592753 -2.0977325
-10.146523 -8.188347
3.1032994 0.045234762
4.0141478 -1.0051552
2.3435934 -2.0677912
-10.198724 -8.143514
3.1022394 0.06297915
3.9965844 -1.0000832
2.3366313 -2.0449326
-10.252527 -8.099464
3.0930357 0.07643703
3.9976687 -0.9771304
2.3341475 -2.0183966
-10.861999 -9.199051
3.1678283 -0.16492821
1.1639235 -0.91383904
2.2737067 -2.5147595
-11.72917 -10.795885
-0.8951985 -4.583035
1.1192423 -1.3760489
-3.253454 -3.201816
-5.8305225 -6.4289756
3.2143373 -0.8731999
2.2494464 -0.51242155
-0.5498534 -1.5372556
-13.684529 -14.355219
3.744915 -0.02869461
1.0992608 -1.9131811
-0.68814117 -2.1437256
-7.0600824 -9.57755
3.2593932 -1.6852775
2.2153733 -1.3809233
-0.81817544 -2.8762507
-0.98495406 -4.454131
1.1183442 -0.7952265
2.1797333 -2.4287546
-6.3918257 -7.23652
3.1674197 -0.81010586
2.2243807 -0.4267252
-0.5934391 -1.4151003
-6.6687627 -8.175565
3.269258 -1.1834829
2.1959794 -0.8961791
-4.4589405 -6.2842765
3.1159863 -0.025301063
3.8884842 -0.85221356
0.937843 -3.6466038
-0.9984458 -3.477587
-1.2374922 -5.2505455
1.0415046 -1.1738623
2.1382775 -2.3268864
-6.547599 -7.01801
3.6887798 0.082160145
1.0056177 -1.7232834
-0.6482285 -1.2826823
3.0019648 0.2839735
3.8454366 -0.49722773
0.9643857 -2.8923259
-0.92146134 -2.644697
-1.3129563 -5.1446595
1.0136008 -1.0945159
2.109041 -2.2460012
-6.64473 -6.8891835
3.663243 0.117801845
0.9827614 -1.6503476
-0.66902435 -1.1980199
2.976446 0.33449325
3.8144271 -0.45406818
0.9179769 -2.808915
-0.945124 -2.5314932
3.1199057 -0.29312503
2.154076 0.123409875
-3.421109 -2.5992565
-7.025608 -7.7407603
3.171239 -1.0324769
2.1207402 -0.7071032
-4.2569885 -4.6965528
-1.2369723 -4.0352488
1.0246814 -0.48528096
2.1278746 -1.6004322
-6.297664 -5.6148386
3.621072 0.19432545
0.9127994 -1.5199618
-0.7296247 -1.0375026
2.953721 0.4214925
3.7628753 -0.3883731
0.8493299 -2.6754339
-1.0013403 -2.3660266
3.0765471 -0.20251715
2.1299706 0.23521607
-3.480498 -2.3747425
-7.250222 -7.485335
3.1043851 -0.9484822
2.0667043 -0.5995216
-4.357552 -4.452091
-1.3256979 -3.864876
0.9744888 -0.37030062
2.0738382 -1.4933436
-6.433665 -5.3716154
3.5694058 0.25746694
0.85481906 -1.3971972
-0.7728025 -0.88567936
2.9192374 0.5118492
3.721573 -0.30611706
0.7785434 -2.5280929
-1.0928143 -2.2029474
3.0325584 -0.122126624
2.088532 0.329648
-3.531729 -2.168867
-7.4568186 -7.249878
3.0565195 -0.86171114
2.024469 -0.49725005
-4.4460893 -4.227309
-1.4468886 -3.6966925
0.9451815 -0.23462866
2.011049 -1.3799682
-6.591329 -5.111187
3.5477288 0.34479824
0.80166495 -1.2582673
-0.8219202 -0.7214784
2.8911643 0.5959602
3.6740732 -0.23776032
0.72805953 -2.384171
-1.1497333 -2.0395882
2.9942427 -0.029323453
2.05793 0.43811998
-3.5953069 -1.9486113
-7.652662 -6.9726877
2.9974873 -0.77233714
1.991477 -0.37959668
-4.5388656 -3.9814785
-1.5209569 -3.51822
0.8867689 -0.12308826
1.9580313 -1.2735515
-6.7291293 -4.8684106
3.5196686 0.42006916
0.75355786 -1.1313244
-0.84838957 -0.5647966
2.872189 0.69181037
3.6282268 -0.15927728
0.6698648 -2.2312026
-1.2209975 -1.8668684
2.9483197 0.049869362
2.0324745 0.53814805
-3.644254 -1.7440003
-7.8153524 -6.707819
2.9513915 -0.68517214
1.9395411 -0.28297272
-4.629252 -3.7600498
-1.610693 -3.3307347
0.8534211 0.010107592
1.9029034 -1.1564118
-6.884608 -4.6055083
3.4898732 0.50220954
0.70578486 -0.99121135
-0.8857411 -0.39784133
2.8420577 0.7746938
3.580166 -0.091268755
0.61724293 -2.0919778
-1.264601 -1.6988734
2.9167883 0.14549766
2.0005262 0.645596
-3.7143743 -1.5276968
-7.984004 -6.413641
2.8144226 -1.0122901
1.8443465 -0.57270837
-5.264197 -4.6415415
2.9055874 0.17691298
1.9406993 0.3220326
-4.217418 -2.3613458
-8.853632 -7.5666685
0.81902593 0.15437074
1.8446455 -1.0294075
-7.044027 -4.287404
2.7824857 -0.9545062
1.8111652 -0.5086476
-5.3364654 -4.4962597
2.8179798 -0.10788136
0.64006495 -0.8065811
-0.9292211 -0.17436254
-1.7529318 -3.0161784
1.9805998 0.7662467
-3.761966 -1.2843299
-8.17223 -6.0657463
0.794364 0.26550996
1.8084629 -0.9272343
-7.1508546 -4.0845413
3.5040255 0.048151076
0.49697617 -1.8414855
-1.365104 -1.3886921
2.8317392 -0.44569683
1.8298589 -0.0048335474
-4.8859935 -3.1640255
2.8475692 0.32338992
0.60588557 -0.6621175
-0.9608195 -0.0073066824
-1.8376571 -2.82837
1.9493614 0.873483
-3.819541 -1.0650307
-8.296338 -5.780126
0.7663734 0.38711256
1.765535 -0.8174029
-7.2674875 -3.8300686
3.4594738 0.118435174
0.43854216 -1.7084798
-1.4033815 -1.2212756
2.788874 -0.34775925
1.789401 0.10749045
-5.006445 -2.9336226
2.8162174 0.4089213
0.5455893 -0.54286695
-0.97235376 0.1499335
-1.903681 -2.65066
1.9389606 0.9765284
-3.892272 -0.8700719
-8.443804 -5.4753966
0.75409514 0.5245277
1.716287 -0.699576
-7.38923 -3.5499005
3.384618 -0.101384245
0.16562521 -2.2027948
-1.7080557 -1.727016
3.416733 0.21550857
0.3703513 -1.5367193
-1.464245 -1.01428
2.61704 -0.66066945
1.6795578 -0.16124599
-5.7223554 -3.756788
2.7309492 -0.21836683
1.7477199 0.26154616
-5.15127 -2.618844
2.682342 0.1993165
0.40478322 -0.8493411
-1.2448105 -0.19923544
2.6819928 0.21806836
0.40666407 -0.82090455
-1.2513069 -0.17070259
2.7115488 -0.15883407
0.3217508 -1.3852569
-1.5045147 -0.8332242
3.3355274 0.015001079
1.523965 -0.9821998
-2.022728 -2.272853
0.44875947 -0.25536948
-1.0133722 0.5002221
2.6437094 0.29493427
1.6200323 0.0028558287
-5.9112144 -3.4092672
3.352696 0.36048546
1.6116284 -0.45658022
-7.6739335 -2.97579
0.5676915 0.38068497
-4.5957503 -1.1733372
2.719715 0.67263186
1.6954373 0.4529767
-5.340317 -2.226817
2.5225194 -0.43554738
0.0042226356 -1.8161831
-1.8356441 -1.2575308
0.5450695 0.45872706
-4.629464 -1.0367875
2.6157026 0.40415692
1.5760868 0.12865457
-6.0596547 -3.1438575
3.266425 0.1639677
1.4284601 -0.7701235
-2.5547507 -2.7945278
0.26508933 -0.5005276
-1.3061519 0.23679897
2.4894505 -0.33737412
-0.05686087 -1.676888
-1.8694384 -1.0819738
0.53431237 0.60003436
-4.685894 -0.8025996
2.5619028 0.49331385
1.5400425 0.2462654
-6.185266 -2.8930008
3.228754 0.24095763
1.3989279 -0.6491412
-2.1698008 -1.7467656
0.2309701 -0.36614463
-1.3283279 0.39551073
2.578218 0.15716773
0.13265401 -0.91409236
-1.6074288 -0.2423103
0.5104137 0.7251827
-4.7235007 -0.5846142
2.563742 0.18910521
0.115042634 -0.86520815
-1.6186917 -0.18246369
0.5062272 0.7835913
-4.731833 -0.48361143
2.5476465 0.22989923
1.473398 -0.06891646
2.6305463 1.3392637
1.5028576 0.42791045
-6.340855 -2.502945
0.32635885 0.3134851
-1.0548156 1.1708885
2.3774478 -0.104243584
1.3183343 -0.4322861
-2.7209468 -2.235743
1.4951731 0.50037694
-6.4078484 -2.3532856
0.49193376 0.93401194
-4.770448 -0.22585784
3.1725419 1.0836662
1.4260389 0.07032651
-2.2707453 -1.2824532
1.352158 0.5301024
-6.46386 -2.1996298
0.49235502 1.0163729
-1.3607813 0.83125764
2.321963 0.012404557
-4.7843227 -0.02487273
3.1428056 1.1439939
1.2612785 -0.26606452
-2.7855082 -1.9519305
-0.28707507 -1.086964
-2.0001633 -0.35514167
0.12240528 0.110034026
-6.5708485 -1.9638948
0.4774414 1.1537497
-1.376729 1.0036995
2.288768 0.10873607
-4.8043694 0.19435926
3.1204472 1.222135
-4.1060486 1.0168176
3.187089 1.5010108
1.21137 -0.12121796
-2.8439026 -1.7066727
1.3544312 0.32278866
-2.3474019 -0.8689157
-0.35802516 -0.8794785
-2.030477 -0.101468556
1.3503938 0.3765014
-2.3584416 -0.7854386
-4.107982 1.2411505
2.4158792 0.62890905
-1.0543338 1.7808052
0.25716868 0.86270255
-5.758189 -0.43521285
-0.10264348 -0.14701048
-1.7107928 0.6930921
1.3350893 0.49193838
-2.3795402 -0.60168636
-4.098158 1.4470705
2.3819757 0.7279657
-1.0289747 1.9472084
0.24130586 1.0049899
-5.781631 -0.17621584
-0.1375861 -0.009686533
-1.7228774 0.85810477
1.3097935 0.61457103
-2.4131455 -0.4056072
-4.0919104 1.6703221
-2.9460952 -1.1413437
-4.7798557 0.97864425
2.3634846 0.8408798
-1.0263081 2.1250515
2.1680694 0.4959062
-1.3934817 1.6656122
0.03622702 0.7386571
-6.967352 -0.8311005
1.2896765 0.7489334
-2.447524 -0.17662996
-4.7627444 1.2177329
0.22535814 1.2788038
-5.780937 0.32469872
-4.0549383 2.0048056
0.22941774 1.3272341
-7.008782 -0.5751409
-4.048448 2.097078
0.22443444 1.3861253
-7.0264874 -0.45871925
-4.0427322 2.1708026
0.2294737 1.4463212
-7.0277414 -0.33919287
-4.732437 1.5738302
0.21740621 1.4922509
-1.7402787 1.4420975
-4.018539 2.3547869
3.0486295 1.4158926
-1.364347 2.123675
0.23767433 1.5776839
-1.7433096 1.5461998
-0.58124614 0.06287322
-3.0871747 -0.37826782
-1.3618381 2.2230349
0.014618521 1.2201371
-2.1291325 1.0904086
-4.7096925 1.926379
0.24123316 1.7195218
-1.7455465 1.7245419
-3.9681225 2.6838381
1.7126266 2.434551
-7.0225 0.30253023
0.9935654 0.85573184
-3.1345274 -0.10236907
-5.712392 1.3162576
-3.9423933 2.8473747
1.7107261 2.5185502
-1.7394401 1.9177309
-4.643739 2.2968516
-0.24309526 0.9614455
-2.1455839 1.4476136
-0.9221613 3.0595982
-0.24521986 1.0252347
-2.145574 1.5253873
-0.9212047 3.1272416
1.5041174 2.239949
-1.7299355 2.1250987
-4.607396 2.5478554
1.3443792 1.9539466
-2.1463451 1.6650163
-1.2912486 2.801517
-0.639176 0.6845065
-3.2189753 0.413519
-6.8934593 1.1335961
-4.554607 2.7778401
1.3533667 2.0642273
-2.1393814 1.8357917
-1.2582157 2.9687376
-0.6410122 0.8472219
-3.2433274 0.6033761
-6.790312 1.3946753
-4.512127 2.9873219
1.5318942 2.5102575
-1.687481 2.5375721
-4.491989 3.082106
1.5549906 2.5483592
-1.6732367 2.5960524
-4.477021 3.176933
1.5652233 2.5960312
-1.6739683 2.6693485
-4.452706 3.2519202
1.5378983 2.6447494
-1.6643571 2.7423604
-4.422644 3.3453345
1.5599303 2.682381
-1.6566479 2.8006816
-4.409086 3.4205985
1.5674169 2.7299752
-7.717928 2.9928257
-6.6493845 2.0814714
-0.7692061 3.8812764
1.3683996 2.4805925
-2.6056736 1.8708286
-6.587639 2.2399707
-4.352067 3.68235
1.3763229 2.5397859
-2.110918 2.5749495
-1.161027 3.6341922
0.9392819 1.8106349
-2.5910988 2.0491056
-6.514483 2.486161
-4.2939277 3.9045246
1.3786206 2.6580968
-2.0858097 2.7584186
-5.3016357 3.3086872
-3.5177598 4.5589666
-8.515694 3.210808
-6.4406323 2.7519536
-3.4967282 4.627608
-8.431655 3.3084266
-5.2511873 3.4887452
1.2183644 2.3773873
-10.311897 5.300449
-0.65254253 4.363367
-3.2782552 1.834303
-1.5689203 3.496908
-3.4253433 4.831194
-8.2689085 3.6015177
-5.1708803 3.7259462
1.2137876 2.488617
-7.1543493 4.142935
-5.1294 3.8029683
1.2293398 2.5389876
-7.1015286 4.2543874
-5.0989723 3.901098
1.2298557 2.579352
-7.0498366 4.365367
-5.0717134 3.9993055
-0.6780024 2.0908554
-9.797827 5.926057
-4.0753675 4.6899567
-7.9887314 4.1020865
-5.001358 4.1321125
0.049668346 3.0781162
-1.9972203 3.456593
-3.2774577 5.2889233
-6.926045 4.652796
-0.51380414 4.7965593
-8.959894 3.779799
-4.9610677 4.3085494
-3.2401524 2.470569
-1.4401857 4.021593
-0.25685352 2.7412448
-1.9613532 3.6211634
-0.641536 2.3665905
-9.516073 6.4627113
1.2748401 2.8595107
-10.638606 6.144283
-3.1825235 5.556773
-6.782892 5.0270576
-3.929111 5.1564465
-7.658 4.6787477
-0.89681756 4.688347
-16.945194 8.931602
-4.8323016 4.651766
-2.4512844 3.2947779
-5.93616 4.160256
-2.4336429 3.3411832
-5.9241548 4.2237835
-2.4347851 3.3732276
-1.3574234 4.3446436
-3.1554303 2.895491
-1.9021411 3.9659452
0.19129139 3.506189
-9.286205 7.0599637
-0.1448784 3.0813131
-10.18884 6.7302914
-0.61545575 2.7178018
-11.778965 6.3304896
-3.0383034 5.974902
-7.4222903 5.204194
-4.6687684 5.044487
-16.207796 9.668232
-1.301939 4.5691576
-2.3801014 3.6550424
-1.8385816 4.201481
-3.1146038 3.2163045
-9.133355 7.474548
0.25579864 3.711453
-10.009106 7.159619
-0.12082516 3.3011265
-11.386214 6.78359
-0.5774368 2.9629388
-6.494699 5.927752
-0.573931 2.9886818
-6.468431 5.9683547
-0.5722834 3.0145264
-6.4612284 6.0136766
-0.5724911 3.0404954
-13.149499 6.722618
-0.08853609 3.445544
-11.156496 7.0744357
0.5911626 4.232765
-8.951434 7.9359236
-2.3058152 4.0127544
-1.7375708 4.5361867
-18.253614 10.496337
-1.1749697 4.95344
-15.589053 10.694368
-4.55857 5.6694493
-7.9298315 5.5200963
-3.5658922 6.195323
-12.747951 7.0769134
-0.04223137 3.599716
-8.804391 8.2334585
-2.255785 4.1968026
-5.512143 5.343432
-9.029934 5.311836
-3.5299282 6.320374
-12.560635 7.269014
0.36245432 4.0980067
-1.6752493 4.769695
-17.854954 11.081334
-0.5471503 5.577734
-7.060902 6.302877
-0.52045256 3.3995283
-10.791523 7.760446
-2.94279 3.928317
-1.6418881 4.8702016
-17.668451 11.329804
-0.0055837743 5.951881
-6.1888967 6.766287
0.7407704 4.5456104
-1.6152316 4.9411445
-14.976551 11.491863
-3.4150174 6.5947413
-6.156018 6.851377
0.7575888 4.5878634
-8.530293 8.802421
-17.462109 11.65822
-5.359774 5.806909
-7.6749034 6.227575
-0.46581447 3.6007547
-10.603643 8.206775
-2.1509736 4.61035
-8.452408 8.977003
-17.270105 11.900069
-5.310911 5.9467506
-8.668547 6.049134
0.118427195 6.1558523
-13.39414 7.6581516
-0.43566942 3.7134168
-6.002471 7.1834292
-2.846675 4.337811
-11.967238 8.284329
-2.097581 4.7920303
-10.424307 8.590239
-19.424349 12.086883
-8.279843 9.288862
-14.414115 12.288186
-0.32309085 6.0205526
-7.510442 6.7219563
-2.3907332 7.3835588
-5.8834825 7.4297466
-2.0600784 4.9286804
-8.194905 9.459629
-14.246963 12.503632
-0.27831683 6.105627
-15.399977 7.9817715
0.14643961 4.2569776
-11.72045 8.745079
-19.014536 12.606876
-5.14391 6.446667
-7.4196515 6.97877
-0.36663666 4.0012436
-5.7534595 7.646455
-22.230488 12.770386
-8.02268 9.739533
-31.04478 20.452374
-3.080852 7.3388042
-6.573189 7.5220714
-1.9670867 5.1640334
-7.9605865 9.830254
-30.743288 20.606369
-0.3366711 4.1129394
-11.515923 9.148104
-18.587645 13.110531
-4.012504 7.069924
-12.685143 8.756509
-1.9331979 5.268548
-0.7320268 6.013699
-7.265985 7.344408
0.9784612 5.1453514
-7.828339 10.037147
-26.320677 19.106417
0.23295833 4.509599
-9.917143 9.5806875
-12.560217 12.827972
-0.2949331 4.2611613
-11.321222 9.45029
-15.96315 13.596059
-2.1230843 7.9175653
-6.3620415 7.8980784
-21.390385 13.6705675
-3.9017258 7.3010645
-12.472318 9.178889
-24.720863 13.758815
-2.87526 7.712016
-6.3042927 8.002186
-21.218029 13.865459
-2.0609663 8.023759
-6.288704 8.046744
-21.13204 13.9362335
-0.053350393 6.5908475
-14.337583 9.175918
-41.87483 28.420591
-4.784279 7.1432796
-7.041493 7.8134418
-41.711964 29.422718
-1.1718591 6.0264807
-8.076739 7.6201687
-1.7901945 5.63401
-0.5796433 6.336862
-6.9891 7.898759
-43.48433 28.30333
-0.5480678 6.3534684
-6.955973 7.9648976
-41.703983 30.127224
-8.343921 10.501991
-29.069683 20.77129
-2.4816363 5.3987546
-5.3416986 8.599197
-20.528511 14.525286
-1.1019952 6.1754136
-7.9657574 7.9118595
-41.11964 30.508715
